0
1
2
3
4
5
6
7
8
9
10
11
12
13
14
15
16
17
18
19
20
21
22
23
24
25
26
27
28
29
30
31
32
33
34
35
36
37
38
39
40
41
42
43
44
45
46
47
48
49
50
51
52
53
54
55
56
57
58
59
60
61
62
63
64
65
66
67
68
69
70
71
72
73
74
75
76
77
78
79
2
6
9
13
8
14
16
18
19
9
20
24
26
29
9
30
31
32
33
13
34
35
39
40
16
59
65
6
14
17
18
20
26
31
17
32
34
35
39
58
59
65
72
14
65
3
42
43
44
45
47
48
51
52
47
48
47
48
3
43
44
45
47
48
50
51
52
54
71
74
79
26
3
43
44
45
47
48
51
52
47
48
47
48
8
6
14
18
20
26
31
32
34
35
39
58
59
65
72
6
14
18
20
26
31
32
34
35
39
59
65
34
3
42
43
44
45
47
48
51
52
47
48
59
3
43
44
45
47
48
51
52
47
48
3
3
3
3
3
42
43
44
45
47
48
51
52
3
47
48
3
43
44
45
47
48
51
52
3
47
48
3
3
6
14
18
20
26
31
32
34
35
39
58
59
65
72
6
14
18
20
26
31
32
34
35
39
59
65
34
18
26
34
59
47
48
34
34
34
3
3
3
3
52
52
52
52
52
52
52
52
52
52
1
45
60
45
45
45
45
45
45
45
37
43
43
43
43
43
43
43
43
80
80
80
80
80
80
80
80